79.58756439999999 59957 753.346335599133 29963 29994 0 0 0 0 0 0 0
82.04896900419878 59957 0.0 29963 29994 0 0 0 0 0 0 0
84.58649746859163 59957 0.0 29963 29994 0 0 0 0 0 0 0
87.20250407580276 59951 -2.2935721887936924 29960 29991 0 0 0 0 0 0 0
89.8994159193551 59927 -8.89906730076407 29948 29979 0 0 0 0 0 0 0
92.67973515549299 59827 -35.96709280726664 29898 29929 0 0 0 0 0 0 0
95.54604132464692 59463 -126.99271414799513 29716 29747 0 0 0 0 0 0 0
98.50099374469427 58105 -459.5674674106056 29031 29068 6 0 0 0 0 0 0
101.54733397823642 54065 -1326.1814801633177 26991 27048 26 0 0 0 0 0 0
104.68788837618133 42991 -3526.129019528052 21422 21511 58 0 0 0 0 0 0
107.92557069999148 23281 -6087.688052361174 11527 11656 98 0 0 0 0 0 0
111.26338482503012 8993 -4280.645795348063 4371 4512 110 0 0 0 0 0 0
114.70442752751381 6081 -846.2551185133962 2907 3056 118 0 0 0 0 0 0
118.25189135765723 5009 -302.1877181357088 2367 2520 122 0 0 0 0 0 0
121.90906760167549 4489 -142.18620195034924 2103 2260 126 0 0 0 0 0 0
125.6793493353925 4099 -103.44054570572108 1904 2065 130 0 0 0 0 0 0
129.56623457228818 3775 -83.35723342806169 1698 1903 174 0 0 0 0 0 0
133.57332950890532 3515 -64.88491141652281 1416 1773 320 0 6 0 0 0 0
137.70435187062722 3181 -80.85165626186087 1027 1606 470 0 78 0 0 0 0
141.9631343609301 2781 -93.9235570050333 599 1406 570 0 180 0 20 0 6
146.3536282173106 2375 -92.47251295204076 214 1203 616 0 237 0 92 0 13
150.87990687718735 2157 -48.16318578271876 47 1094 558 0 309 0 136 0 13
155.54616975717812 2087 -15.001297998054172 1 1059 518 0 312 0 184 0 13
160.35674614925836 2017 -14.55127084464195 4 1024 482 0 306 0 188 0 13
165.31609923741647 1901 -23.390147452292425 1 966 378 0 288 0 208 0 60
170.42883023853204 1757 -28.164986573434 1 894 272 0 234 0 204 0 152
175.69968267131912 1547 -39.841752862156646 0 789 166 0 168 0 160 0 264
181.133546757295 1303 -44.9035890738846 0 667 64 0 105 0 108 0 359
186.73546395785783 1149 -27.490588397937632 0 590 32 0 48 0 40 0 439
192.51063165168247 1027 -21.124927702178066 0 529 10 0 18 0 0 0 470
198.46440795677404 987 -6.718425071797323 0 509 0 0 3 0 0 0 475
204.60231670165317 981 -0.9775316397471395 0 506 0 0 0 0 0 0 475
210.93005255028518 981 0.0 0 506 0 0 0 0 0 0 475
217.45348628550784 981 0.0 0 506 0 0 0 0 0 0 475
224.1786702558597 981 0.0 0 506 0 0 0 0 0 0 475
231.11184399086267 981 0.0 0 506 0 0 0 0 0 0 475
238.25943998996806 981 0.0 0 506 0 0 0 0 0 0 475
245.6280896905378 981 0.0 0 506 0 0 0 0 0 0 475
253.22462962039702 981 0.0 0 506 0 0 0 0 0 0 475
261.056107740667 981 0.0 0 506 0 0 0 0 0 0 475
269.1297899847626 981 0.0 0 506 0 0 0 0 0 0 475
277.4531669996214 981 0.0 0 504 0 2 0 0 0 0 475
286.03396109541865 975 -0.6992359836415021 0 494 0 4 0 0 0 5 472
294.8801334102166 961 -1.582605391552305 0 474 0 2 0 0 0 20 465
303.99989129619433 923 -4.166777284562315 0 436 0 0 0 0 0 41 446
313.4016959343117 895 -2.978151650426844 0 411 0 0 0 0 0 52 432
323.0942701844721 853 -4.333214161274531 0 330 0 0 0 0 0 112 411
333.08660667846726 783 -7.005368568409026 0 263 0 0 0 0 0 144 376
343.3879761632122 701 -7.960106675275729 0 188 0 0 0 0 0 178 335
354.00793610201185 615 -8.097958984365103 0 133 0 0 0 0 0 190 292
364.95633954183876 559 -5.114901027147878 0 71 0 0 0 0 0 224 264
376.2433442548492 529 -2.6579239366684435 0 48 0 0 0 0 0 232 249
387.8794221626189 497 -2.750067527360991 0 22 0 0 0 0 0 242 233
399.87536905184214 479 -1.5005068100268573 0 10 0 0 0 0 0 245 224
412.24231459050844 457 -1.7789356257141378 0 1 0 0 0 0 0 243 213
424.99173265384906 455 -0.15686990496850634 0 0 0 0 0 0 0 243 212
438.13545196963463 405 -3.8040982768058753 0 0 0 0 0 0 0 218 187
451.6856670926995 405 0.0 0 0 0 0 0 0 0 218 187
465.65494971887534 405 0.0 0 0 0 0 0 0 0 218 187
480.05626034883096 405 0.0 0 0 0 0 0 0 0 218 187
494.9029603126392 393 -0.8082604234781036 0 0 0 0 0 0 0 212 181
510.20882416622817 389 -0.26133774860816295 0 0 0 0 0 0 0 210 179
525.9880524712171 387 -0.12674891074157663 0 0 0 0 0 0 0 209 178
542.2552849699944 341 -2.8277704891386772 0 0 0 0 0 0 0 186 155
559.0256141682613 341 0.0 0 0 0 0 0 0 0 186 155
